              precision    recall  f1-score   support

           0       1.00      1.00      1.00         2
           1       1.00      1.00      1.00         2
           2       1.00      1.00      1.00         2
           3       1.00      1.00      1.00         2
           4       1.00      1.00      1.00         2
           5       1.00      1.00      1.00         2
           6       1.00      1.00      1.00         2
           7       1.00      1.00      1.00         2
           8       1.00      1.00      1.00         2
           9       1.00      1.00      1.00         2
           -       1.00      1.00      1.00         2

    accuracy                           1.00        22
   macro avg       1.00      1.00      1.00        22
weighted avg       1.00      1.00      1.00        22
